id_designacao,id_servidor,id_atividade,inicio,id_unidade,id_nivel_designacao
2573,2061,190,2018-07-02,310,9
2575,1451,189,2018-08-06,339,5
2290,41,103,2017-03-28,265,6
1961,2417,189,2016-01-05,684,5
2577,9,189,2018-08-06,476,5
2584,2562,34669,2018-07-17,398,4
2606,2588,189,2018-10-23,188,4
2086,1261,189,2016-09-21,431,6
2585,2736,189,2018-08-01,715,19
2355,1385,189,2011-03-02,161,5
2578,2088,189,2018-05-16,800,19
2013,1934,189,2016-07-01,427,5
2554,1836,189,2018-06-15,237,5
2164,109,34669,2016-12-01,187,3
2271,2531,189,2017-02-10,352,6
2555,157,189,2018-06-08,524,19
2316,2421,189,2017-04-18,728,6
2323,956,189,2017-04-17,730,5
2112,2452,34669,2016-10-31,726,4
1934,2301,189,2016-01-05,729,6
2399,1864,189,2017-08-09,144,6
2375,2555,189,2017-09-02,739,6
2338,1828,190,2017-06-05,143,7
2604,379,189,2018-10-01,71,5
1965,2361,190,2016-03-14,388,6
2556,2587,189,2018-04-16,835,19
1909,1383,192,2016-01-02,119,4
1892,457,189,2016-01-04,106,4
1912,1453,34669,2016-01-05,412,2
2088,52,189,2016-09-14,236,6
2613,1293,111,2018-11-07,198,8
1737,2047,189,2016-09-14,228,5
2622,131,189,2018-12-10,798,19
1649,430,190,2014-09-30,95,6
2561,2134,189,2018-04-18,828,19
2566,2550,189,2018-06-15,153,6
2567,2136,109,2018-07-04,765,8
1916,1577,189,2015-12-14,501,19
2291,1715,189,2017-03-20,619,19
2571,2597,189,2018-05-15,807,19
2364,122,189,2017-08-08,396,5
2579,2688,189,2018-08-08,738,9
2165,117,34669,2016-11-22,203,3
2341,2734,189,2017-05-28,221,6
1911,1417,34669,2016-01-07,377,4
1917,1598,189,2016-01-09,400,6
2580,313,189,2018-08-01,361,6
2558,2362,189,2018-04-18,826,19
2108,1148,103,2016-08-26,305,6
2274,2097,189,2017-02-01,96,6
2281,2549,189,2017-03-09,122,5
2559,2098,189,2018-06-14,843,19
2570,2120,189,2018-06-18,624,19
1889,409,34669,2016-01-04,438,4
2000,600,189,2016-05-31,439,6
2470,373,189,2018-02-16,387,5
1746,893,190,2014-11-25,150,5
2463,385,190,2018-01-15,68,4
2574,2079,189,2018-04-16,834,19
2272,481,123,2017-02-02,88,2
2581,467,190,2018-07-16,222,9
2471,2084,189,2018-02-15,348,5
2560,2309,189,2018-06-12,486,6
2466,2070,34669,2018-02-05,129,4
1896,588,189,2016-01-14,378,5
2614,2052,189,2017-09-04,856,19
2563,2400,189,2018-07-02,357,5
2620,2058,189,2019-01-21,185,5
1637,227,189,2014-10-02,82,4
2564,2002,189,2018-05-07,827,19
1349,272,189,2014-03-11,422,6
1430,773,190,2014-03-11,256,5
2275,2101,189,2017-03-01,755,6
2401,2689,189,2017-09-28,392,19
2295,1735,189,2017-04-10,532,19
2583,545,189,2018-05-16,819,19
1915,1567,34669,2016-01-17,426,3
1660,695,192,2014-10-01,124,3
2586,1976,189,2018-07-23,204,6
2342,393,189,2017-06-05,446,6
1797,932,103,2015-03-30,709,19
1854,941,189,2015-07-01,713,19
2421,1856,109,2017-10-23,257,9
2562,1997,189,2018-06-13,625,19
2587,760,189,2018-05-16,801,19
2605,835,189,2018-09-11,727,6
2607,109,34852,2018-11-13,187,3
2145,2121,192,2016-10-28,253,2
2499,2530,109,2018-04-02,678,7
2327,1878,189,2016-11-01,345,6
2277,888,192,2017-02-01,90,3
2402,484,189,2017-08-22,521,19
2615,2721,189,2018-10-22,743,19
1991,2311,189,2016-05-04,272,6
2279,985,189,2017-03-01,301,6
2595,2146,189,2018-09-03,53,5
1963,180,123,2014-10-01,103,2
2366,335,189,2017-08-01,436,5
2123,2089,192,2016-10-31,243,4
2025,2409,189,2016-07-29,320,6
2296,2308,189,2017-04-10,494,19
2111,49,34669,2016-11-01,333,2
2392,2536,34669,2017-09-06,386,3
2297,720,192,2017-03-20,92,4
1935,2220,189,2016-01-08,733,6
2636,109,192,2016-12-02,174,2
2367,391,34669,2017-07-31,160,4
2361,558,189,2017-08-03,327,6
2464,2000,189,2018-01-01,443,9
2093,2424,109,2016-09-06,756,8
2344,984,189,2016-12-14,458,5
2343,2151,189,2016-12-31,476,5
2029,1853,189,2016-07-29,299,5
2465,2830,189,2018-02-01,72,6
2114,2171,34669,2016-11-01,682,3
2406,1001,189,2017-09-01,259,5
1959,695,123,2016-01-01,116,2
2423,2435,189,2017-10-30,760,6
2094,423,189,2016-09-06,79,6
2299,2656,189,2017-04-05,383,6
2637,2230,192,2019-02-11,97,3
2007,1474,189,2016-05-30,615,19
2322,2176,189,2016-03-07,686,19
2028,1945,189,2016-07-29,309,6
2596,1927,189,2018-09-03,629,19
1839,602,189,2015-04-18,708,19
2042,261,34669,2016-09-01,239,4
2368,403,189,2017-08-04,380,6
2047,521,109,2016-08-24,678,6
2049,631,189,2016-08-24,424,6
2101,2312,189,2016-09-27,488,6
2124,233,34669,2016-11-01,213,2
2377,148,189,2017-08-22,508,19
2597,381,189,2018-08-22,408,6
2409,2027,189,2017-08-15,500,19
2170,503,189,2016-11-18,149,4
2412,2046,189,2017-09-04,244,9
2413,2057,189,2017-01-02,479,6
2175,814,34669,2016-11-18,148,3
2183,1456,189,2016-11-17,158,4
2189,1490,34669,2016-12-13,452,2
2132,557,189,2016-11-01,168,5
1952,220,112,2012-11-21,672,1
2608,2825,35990,2018-10-01,840,19
2044,395,189,2016-08-24,157,6
2300,1000,189,2017-04-01,596,19
2245,1247,189,2016-08-25,146,6
2077,1899,109,2016-08-13,416,9
2095,436,189,2016-09-14,567,19
1740,1580,189,2014-11-11,545,19
2405,2316,189,2017-02-10,471,6
2168,432,34669,2016-11-18,134,2
2191,465,974,2016-12-13,455,5
2408,1088,189,2017-09-25,289,6
2218,1834,189,2016-12-21,468,6
2247,2321,189,2016-12-14,675,5
2089,220,112,2012-11-19,1,1
2169,2094,189,2016-12-01,674,4
2179,1878,189,2016-11-02,345,6
2127,2200,34669,2016-10-27,681,2
2134,648,189,2016-11-01,229,6
2568,2818,189,2018-05-15,803,19
2630,1243,189,2019-01-01,831,19
2588,2953,189,2018-07-04,460,6
2407,1056,189,2017-01-01,363,9
2411,1339,189,2017-10-02,188,4
2638,1908,103,2018-07-12,460,6
2531,110,189,2018-05-16,637,19
2229,2271,190,2016-12-23,696,9
2425,2323,189,2017-10-31,120,6
2233,2096,189,2016-12-13,529,19
2236,1973,34669,2017-01-01,362,4
2426,1642,189,2017-10-30,480,6
2171,639,190,2016-11-17,137,5
2080,2454,189,2016-08-23,732,6
2096,685,189,2016-09-15,633,19
1956,2177,34669,2016-11-01,735,4
2147,1466,189,2016-11-04,280,6
2128,328,189,2016-11-01,170,5
2228,1920,189,2016-12-13,546,19
2251,2157,189,2016-12-23,196,6
2388,2011,189,2017-01-01,762,9
2358,2316,189,2017-02-11,471,6
2303,2566,190,2017-03-24,375,5
2097,733,189,2016-08-24,185,6
2472,1838,189,2018-02-15,228,5
2474,373,189,2018-02-02,387,5
2305,1427,189,2017-04-01,597,19
2237,659,34669,2016-11-18,139,3
1984,1828,190,2016-05-04,143,7
2238,871,189,2016-12-16,209,5
2389,2019,189,2017-09-04,341,6
2390,2020,189,2017-09-11,176,5
2048,625,189,2016-08-24,276,6
2054,1994,190,2016-08-04,208,8
2331,34,189,2016-02-17,725,19
2130,2457,34669,2016-10-31,731,4
2173,699,189,2016-11-17,142,6
2185,1619,190,2016-11-18,171,8
2180,1188,189,2016-11-18,162,5
2384,1981,189,2017-08-22,509,19
2306,2155,189,2017-03-23,462,6
1773,20,179,2015-02-12,111,4
2416,1617,189,2017-10-16,448,6
2055,1870,109,2016-08-27,297,9
2599,2857,189,2018-08-21,403,9
2589,1125,34669,2018-07-17,307,3
2592,1458,189,2018-05-16,818,19
2051,793,189,2016-08-31,241,6
2065,2154,190,2016-08-23,469,9
2131,1852,189,2016-11-01,224,6
2184,1459,34669,2016-11-22,174,2
2242,994,189,2017-01-06,121,5
2394,1249,189,2017-07-14,618,19
2334,2383,189,2016-01-04,714,19
2133,579,34669,2016-11-02,164,3
2590,1245,34669,2018-07-17,402,4
2059,2443,189,2016-08-09,736,6
2074,1432,109,2016-08-24,678,6
2106,1895,189,2016-09-24,757,5
2138,1872,189,2016-11-01,249,6
1953,313,189,2015-06-04,361,6
2601,1371,189,2018-08-21,382,6
2141,1086,192,2016-11-01,218,4
2142,2180,189,2016-10-31,683,5
2621,313,179,2018-08-01,359,4
1313,80,189,2014-06-09,353,19
1338,1719,189,2014-03-11,504,19
1335,192,189,2014-03-14,520,19
1365,352,190,2014-03-11,428,6
2144,1775,192,2016-11-04,279,4
1330,163,189,2014-03-12,223,6
1364,348,190,2014-03-14,184,7
1300,12,192,2014-08-08,283,4
1319,120,192,2014-03-11,267,3
1368,370,192,2014-03-13,319,4
1327,152,190,2014-01-21,52,4
1646,389,189,2014-10-01,94,5
1607,1660,189,2014-03-11,418,5
2149,2572,189,2016-11-01,219,5
1381,433,189,2014-03-11,269,6
1588,1557,189,2014-04-02,406,6
1466,968,190,2014-03-13,296,5
1391,474,192,2014-03-11,442,4
1490,1073,189,2014-03-14,183,6
1493,1085,189,2014-03-11,263,6
1505,1118,189,2014-03-13,161,5
1406,586,189,2014-06-01,399,6
1463,954,192,2014-03-13,298,4
1535,1282,192,2014-03-11,258,4
2602,1698,189,2018-09-03,697,5
2639,2954,189,2018-10-10,192,5
1417,690,192,2014-03-11,417,4
1401,542,190,2014-03-13,141,7
1615,1692,190,2014-03-13,159,8
1627,1830,189,2014-09-29,349,6
1420,707,190,2014-03-14,182,7
2591,1451,189,2018-08-07,339,5
1629,104,103,2014-09-29,321,6
1636,219,192,2014-10-01,97,4
1638,248,192,2014-10-01,133,3
1650,450,192,2014-10-02,70,3
1672,971,36495,2014-10-01,117,5
1697,1778,123,2014-10-01,116,2
1685,1185,189,2014-10-01,112,5
1715,1666,123,2014-10-01,69,2
1689,1220,189,2014-10-01,140,4
1687,1215,189,2014-10-01,51,4
2593,2598,189,2018-08-06,308,5
1664,776,189,2014-10-01,91,4
1681,1132,189,2014-09-11,303,6
2481,1877,190,2018-03-01,740,5
1717,1677,34669,2014-10-01,293,2
2594,2574,34669,2018-08-07,338,4
1309,60,192,2014-03-14,178,3
1731,1867,189,2014-10-13,86,6
1777,270,189,2015-02-19,710,19
1763,784,189,2015-02-02,327,6
2483,1881,189,2018-03-08,317,5
1791,1407,123,2015-02-12,110,2
1844,1274,111,2015-06-15,429,9
1824,50,189,2015-05-06,617,19
1798,1049,189,2015-04-07,181,6
1806,475,189,2015-04-15,523,19
1818,2015,189,2015-04-14,356,6
1848,1620,189,2015-06-22,284,9
1857,1486,189,2015-07-15,83,6
1859,1879,189,2015-08-18,192,6
1862,1780,189,2015-10-13,200,5
2418,2144,189,2016-12-31,467,5
2611,2565,189,2018-10-16,692,6
2424,1405,189,2015-11-13,268,5
2325,2612,189,2017-03-23,584,19
2427,2144,189,2016-12-29,467,5
2429,256,189,2017-10-16,261,6
2432,659,34669,2016-11-17,139,3
2433,1753,34669,2017-12-01,673,3
2434,2137,189,2017-11-11,620,19
2435,1252,109,2017-12-01,138,7
2436,2163,189,2017-11-01,329,6
2437,1591,189,2017-12-01,165,6
2447,1725,189,2018-01-02,108,5
2448,1958,189,2017-12-15,391,6
2453,1983,189,2017-12-22,232,6
2455,2563,189,2018-01-08,54,5
2449,635,34669,2017-11-02,323,4
2450,637,189,2017-12-19,583,19
2452,746,189,2018-01-02,107,5
2456,1874,192,2018-01-02,359,4
2457,1205,189,2018-01-02,324,9
2459,2727,189,2018-01-01,316,6
2458,2035,189,2017-12-22,277,5
2473,338,34669,2018-02-16,347,3
2476,1944,189,2018-03-07,113,5
2477,461,34669,2018-02-15,478,4
2479,1855,189,2018-02-07,464,6
2480,2737,189,2018-02-05,240,6
2482,1096,189,2018-03-01,197,4
2485,1325,189,2018-03-01,368,6
2486,2047,34669,2018-02-16,227,3
2487,2873,109,2018-02-15,763,8
2488,2790,189,2018-02-27,207,5
2489,1600,190,2018-03-01,216,5
2491,134,34669,2018-03-19,466,3
2539,760,189,2018-05-23,801,19
2494,1609,189,2018-03-15,281,6
2533,2825,189,2018-05-10,840,19
2495,2488,189,2018-04-23,547,19
2370,1441,34669,2016-12-14,457,4
2497,504,181,2018-05-02,180,9
2428,252,34669,2017-10-05,372,2
2501,2765,189,2018-05-02,522,19
2509,2440,189,2018-02-20,788,19
2511,2744,189,2018-02-20,628,19
2513,1100,189,2018-04-16,530,19
2514,1770,189,2018-02-21,492,19
2523,1537,189,2018-03-05,189,5
2626,604,189,2018-12-27,581,19
2525,2728,189,2018-05-02,483,9
2631,2465,189,2019-01-03,675,5
2527,2179,189,2018-04-05,766,19
2632,1256,189,2019-01-01,595,19
2534,2735,109,2018-06-05,763,8
2535,2588,189,2018-05-10,525,19
2536,1741,189,2018-05-16,706,19
2633,2416,34669,2018-12-21,97,3
2541,2441,189,2018-05-16,233,19
2546,1367,189,2018-05-16,600,19
2550,2072,189,2018-02-20,549,19
2551,1902,189,2018-06-04,440,6
1974,1502,189,2016-03-31,201,5
2493,1095,189,2018-03-13,502,19
2500,2586,189,2018-04-24,556,19
2505,1971,189,2018-05-02,526,19
2510,2016,189,2018-04-04,127,5
2512,2593,189,2018-02-20,791,19
2515,1199,189,2018-05-01,162,5
2516,2113,189,2018-02-20,758,19
2519,2139,189,2018-04-02,360,6
2528,2085,189,2018-05-07,745,19
2530,1714,189,2018-05-08,115,5
2538,584,189,2018-05-10,632,19
2540,2006,189,2018-02-20,551,19
2623,334,189,2019-01-01,829,19
2548,1458,189,2018-05-23,818,19
2537,545,189,2018-05-23,819,19
2624,473,190,2019-01-02,761,9
2625,597,189,2019-01-02,820,19
2628,2771,189,2019-01-01,596,19
2629,2369,189,2019-01-01,753,19
2634,2036,109,2019-01-02,350,9
1855,1887,192,2015-08-06,199,4
2498,1835,34669,2018-05-03,482,4
2503,495,189,2018-02-20,712,19
2506,2365,189,2018-04-16,689,19
2507,1751,189,2018-02-21,635,19
2508,2004,189,2018-02-21,587,19
2518,2448,189,2018-02-21,586,19
2520,1434,189,2018-02-20,503,19
2521,2122,189,2018-02-20,585,19
2522,1489,189,2018-02-21,630,19
2529,2419,189,2018-05-15,472,19
2542,2138,189,2018-05-16,609,19
2545,1348,189,2018-02-20,273,19
2547,2451,189,2018-02-20,550,19
2549,1572,189,2018-05-16,707,19
2552,1800,189,2018-05-16,154,19
2627,1967,189,2018-12-27,582,19
